9748
5215
4891
4817
9838
9094
4703
10027
5231
4211
4803
4459
4657
4592
4476
4558
4557
4620
4080
9872
9832
8378
4613
4556
3958
3989
4014
4037
4752
5255
4951
968
832
830
829
828
487
299
298
297
296
2345
2779
3108
5202
5158
5144
5072
4996
3830
4764
3451
3449
3109
4572
10114
10099
9972
9410
8392
9341
9109
9899
9356
9133
9412
9333
4590
9347
9829
8393
8384
8395
9809
10037
3895
8999
9338
5282
5277
8380
5284
10108
5298
2085
9906
9342
9791
4463
5313
3831
5279
1758
9885
2005
9905
9371
5128
4188
9360
9149
3906
9336
2804
8383
4882
5305
9344
4502
5271
3898
5318
2128
9775
9105
9106
9395
8394
5053
9117
5272
9124
5287
5267
9144
5265
5302
5309
5308
5278
5303
5310
5273
5274
4542
5275
5314
5312
5276
5311
5289
5280
5307
5297
5296
5295
5294
5293
5288
5290
5291
4806
5299
5281
5306
5283
5304
5285
5301
5300
5286
5292
5315
10088
9114
1421
9100
9098
8397
8396
8391
8390
8389
8388
8387
9239
9120
9153
10020
9904
9842
9835
9819
9807
9806
9392
9388
9287
9313
8386
8385
8381
4663
3868
3846
3888
4460
4461
4492
5398
5320
5319
5317
8382
4682
3896
3821
3884
3856
4462
4403
4785
4804
3907
3901
3900
3897
5316
2786
2007
2006
2004
1779
1759
1757
1756
1755
1754
1753
1670
1599
1598
1186
1185
2008
2111
2124
2785
2784
2783
2781
2780
2627
2625
2624
2623
2622
2621
2620
2619
2617
2131
1184
9325
307
306
305
304
303
302
301
300
4737
134
133
132
3671
3670
2
308
310
311
1086
1085
1084
3855
969
4739
4738
834
719
541
317
316
315
314
312
1
2787
5270
4989
3832
8977
4913
4860
4839
4837
3867
3833
3869
4805
4680
4681
3861
3526
5035
5041
5054
5269
5268
5264
5263
5262
5261
5260
5251
5243
3834
5232
5205
5153
3835
5055
3525
3383
3771
3772
9384
9362
2948
2947
2946
2806
2800
2798
2795
2793
3753
2792
2790
3770
3113
3114
9374
9334
3784
3309
3308
3307
3785
3306
3305
8975
9383
3119
3117
3116
3115
2789
9076
9348
8961
8400
10042
9330
8402
9729
9166
1762
8409
8414
5386
8424
3452
8404
2134
5375
9862
9345
9372
2952
8403
8406
971
8419
5330
8408
5341
5370
9163
9709
3847
5362
9346
5388
9157
3123
9363
9887
4807
9994
5322
5129
8427
3836
8401
2011
5384
9358
5329
5328
2462
2630
7170
8428
8425
5364
8959
5363
336
5356
5361
5359
5358
5357
10006
10023
8422
9798
5371
8418
8410
8420
3873
5390
5360
5369
5377
4469
5376
5391
5392
4468
4470
5373
9158
3872
5389
5381
5382
5383
5366
3857
5372
5365
5374
5368
5385
5380
5379
5387
5378
5367
10105
8416
8415
8413
8412
8411
8407
8405
8398
3893
4465
8417
8421
9882
9833
9825
9812
9808
9687
8960
8848
8426
8423
4728
4729
4741
3885
9024
3845
3871
4399
4704
4433
9160
4464
4466
3886
3865
3889
3912
3911
3917
8979
8986
7682
8399
4693
6816
4467
2459
1673
1672
1425
1423
1266
1265
1189
1187
1140
1087
1077
974
973
1761
1763
1764
2420
2419
2349
2113
2012
2010
2009
1770
1769
1768
1767
1766
1765
972
970
839
328
326
325
324
323
322
321
320
319
318
137
136
4
329
330
331
838
837
836
722
721
720
339
338
337
335
334
333
332
3
9861
5355
5337
5336
5335
5334
5333
5332
5331
5327
5326
5325
5324
5323
5321
5338
5339
5340
5354
5353
5352
5351
5350
5349
5348
5347
5346
5345
5344
5343
5342
4543
3839
5233
3313
9355
3130
3129
3128
3125
3124
9353
9350
2953
2951
2949
2629
3786
3319
3870
3838
3837
5179
5154
5130
5056
5004
3840
4980
4896
4883
3862
4740
2628
9931
9695
9173
9735
9195
5455
4434
9421
3328
3320
9331
9180
9319
9190
3694
10049
9433
8438
1088
9170
8429
5443
9044
5469
3887
1774
4472
9337
4475
5402
5427
8436
9445
8439
9868
5465
9175
5449
5453
9006
5431
1773
10087
9295
3927
4725
4809
8431
5421
5411
5407
9408
5401
4859
5430
10030
1775
9367
9792
2810
9432
3139
3138
4578
5441
4608
3877
4125
6976
6799
8432
8430
8434
8437
5480
4474
5475
8440
8441
5450
8553
5442
4683
1432
983
981
841
843
3848
4400
4705
844
4607
4435
3852
3851
4471
3690
4473
5485
4786
840
3863
724
3822
4637
9335
4621
8996
4810
725
726
4811
4743
4742
3823
3864
5484
5483
5467
5466
5464
5463
5462
5461
5460
5459
5458
5457
5456
4487
982
5454
5468
980
5470
5482
5481
846
5479
976
977
5478
5477
5476
979
5474
5473
5472
5471
3540
8433
145
9404
9390
9387
340
9205
9200
341
9184
342
343
344
345
346
144
9426
143
10051
5
6
7
9926
8
9818
138
139
140
9702
9460
141
142
347
348
8442
4336
4706
3908
3890
361
3899
3909
3910
3918
364
3928
3932
3931
365
3858
3930
3876
349
350
3675
351
352
353
8435
354
842
355
356
358
359
360
723
5059
3539
3689
3538
3454
3453
3788
1537
3323
3321
1538
9343
3787
1539
1541
1431
3849
3850
5058
5057
5036
5005
3841
4959
4958
4946
4884
1430
4835
3842
4808
4687
3137
3136
3738
2352
2350
2140
2139
2137
3724
2050
2049
2015
1780
1778
1776
1545
2422
2465
2631
3135
3132
9396
9357
2955
2954
3767
3754
1542
1543
9332
1544
2633
2632
1771
5060
5452
5433
5432
1190
1191
5429
5428
1192
5426
5425
5424
5423
5422
1193
5420
5434
5435
5436
5451
984
5448
5447
5446
5445
5444
1091
1092
1094
5440
5439
5438
5437
5419
5418
1429
5400
5399
5397
3875
4545
4544
5266
5234
5184
5180
3843
5156
5155
1428
5403
5404
5417
5416
3874
5415
5414
5413
5412
1270
5410
5409
5408
1427
5406
5405
5131
9911
5491
9607
8446
3933
5487
9622
2957
9327
4766
3937
3936
8443
10014
8448
5499
9601
8445
9370
2813
9928
366
9771
3934
5498
5497
5496
5495
5494
5493
9354
5490
5489
5488
9111
5500
8447
3935
3939
9349
3914
8444
4639
4638
5506
5505
5504
5503
5502
5501
5492
5486
9
985
1099
1100
1194
1433
1434
1435
1680
2149
849
848
847
146
147
148
149
367
368
369
727
728
2150
2152
9359
3142
9361
3331
9364
9368
3455
4694
5037
9352
2818
3755
2154
2468
2470
2478
2479
2480
2481
2634
2814
5120
10119
9738
9755
10086
9925
9375
10024
8476
9112
9745
8475
8460
9946
8468
9937
9389
10005
9373
8459
5533
9062
8457
9225
5613
4337
5601
5011
9391
9948
8454
9230
9296
1786
5596
8483
8466
5530
10129
9394
5633
10056
8481
1683
3949
8477
5525
4479
10100
8462
8465
9933
5557
5615
3725
5542
5592
4328
9380
8451
9889
9929
3938
5540
5517
8461
9382
3945
3929
2160
5628
8456
3336
10098
377
9393
5061
5589
9752
5567
4406
4407
9888
5584
10116
5572
5039
10090
9401
8472
8471
8469
8474
732
4352
8463
5598
4843
5623
5624
5622
5631
4440
5640
5635
5638
5627
5637
5629
5626
5636
5625
5630
5632
5634
5639
5621
5599
5597
5595
5594
5593
5591
5590
5588
5587
5586
5585
5579
5583
5582
5581
5602
5603
5604
5620
5619
5618
5617
5616
5614
5612
5611
5610
5609
5608
5607
5600
5606
5605
5580
3950
9165
9162
9010
389
8482
8480
8479
8478
8473
8470
8467
8464
8458
8455
8453
8452
9202
9222
10106
10101
10093
10025
10022
9891
9890
9883
9828
9789
9780
9730
9398
9397
9386
9385
8450
8449
4323
3866
4262
4291
4326
4325
4324
4787
4356
4355
4372
4401
4404
4405
5738
4437
4436
6585
4812
4100
4402
4591
3941
4439
3940
3942
3943
3946
3944
3948
9797
3947
3951
4695
4753
4438
5578
387
8995
730
733
851
852
853
986
1101
1102
1196
400
399
388
390
391
3676
393
395
396
397
398
3677
1198
1278
1293
9305
3727
3726
2017
2018
2157
2158
2159
2167
2356
1784
1783
1294
1295
1548
1603
1604
1682
1684
1685
1686
1782
2358
10
24
25
26
27
28
29
31
32
33
153
23
21
11
12
13
14
15
16
17
18
19
20
156
157
158
374
375
376
378
379
381
382
383
384
385
373
372
159
160
161
162
163
3674
164
165
370
371
386
2636
5521
5537
5538
5539
5541
5543
5544
5545
5546
5547
5548
5536
5535
5522
5523
5524
5526
5527
5528
5529
5531
5532
5534
5549
5550
5551
5565
5566
5568
5569
5570
5571
5573
5574
5575
5576
5564
5563
5552
5553
5554
5555
5556
5558
5559
5560
5561
5562
5577
2819
9378
9379
9376
9377
3435
3457
3811
4708
4670
4833
3334
3333
2959
2960
2961
9381
3146
3147
3148
3149
3150
3332
4885
5006
5007
4478
5509
9975
10026
9431
9409
9079
10065
8501
9430
9221
9188
8509
9238
9229
9403
9280
10061
9915
9435
9440
8486
8485
9927
8503
9186
8490
4658
5707
9413
9179
8488
9227
5687
10068
3956
9212
1804
10063
4709
9468
9976
9458
9233
9405
8484
3859
2824
2962
9407
5726
10122
4332
5688
3728
9923
9428
4480
9742
5697
9240
5709
8505
5705
6667
5713
3338
1808
9183
9795
10059
9754
5714
3955
8496
5674
5659
9442
1796
5692
5718
5172
5121
4831
1839
1838
4330
1834
4351
4410
9743
5655
9167
10112
8510
9176
9306
9191
9193
10058
3964
1831
10121
1815
5064
1817
10007
4409
2179
6075
4579
6074
9039
5711
4659
9174
5648
5708
5666
5191
1701
5658
5676
9444
5235
3967
1103
3554
3695
4548
1791
2641
5730
5721
5654
1802
2638
5643
1809
10125
3891
2484
5675
5652
5686
5717
5723
5716
5669
5722
5715
5720
5670
5681
5719
5672
5693
5677
5691
5690
5671
5689
5678
5685
5684
5683
5682
5679
5694
5696
5698
5712
5710
4441
5673
5706
5704
5703
5702
5701
5695
5700
5699
5680
5724
10123
9171
8662
8661
8508
8507
8504
8502
8500
8499
8498
8497
8495
8494
8493
8492
8491
8489
9181
9310
10096
9980
9871
9817
9774
9765
9733
9455
9452
9450
9448
9437
9292
9289
9286
9208
1104
8487
9047
4813
4661
6666
3824
4329
4331
4408
5735
5734
5733
4411
5732
4412
5731
5729
5728
5727
9400
3972
3963
3892
4726
3954
3953
3952
3957
3961
3960
3959
3962
3969
3968
3966
3965
3970
3971
5725
992
1558
1560
1605
1606
3712
1687
1688
1690
1691
1692
1693
1553
1549
1107
1108
1202
1203
1204
1205
1298
1304
3705
1436
1438
1695
1696
1697
3715
1799
1800
1801
1803
1805
1806
1807
1810
1811
1812
1798
1797
1698
3713
1699
1700
1702
1789
1790
3716
1792
1794
1795
1813
9080
401
402
403
405
406
407
408
409
410
411
413
174
173
37
38
39
40
41
42
43
168
169
170
171
414
415
416
432
735
736
738
739
742
857
858
859
988
989
431
430
417
418
420
421
422
423
424
425
427
428
429
990
4710
5043
4666
4667
5062
5063
5065
5181
5182
5199
5206
5212
5042
5040
4665
4664
4668
4707
4744
4861
4897
4947
4964
4968
4991
5213
5226
5257
5651
5653
5656
5657
5660
5661
5662
9070
9951
9932
9493
9282
9473
9036
9454
9420
9482
8526
9441
9253
9068
9429
9272
9859
9423
2825
9260
9469
9284
9935
5788
9934
8527
9487
5787
9897
9418
9744
5769
9417
8531
9274
2974
5774
4669
8535
3789
2968
2830
8512
9495
9918
9924
4815
9498
9457
997
5795
5800
2826
3991
8525
3973
3678
10070
10111
5782
3984
5807
5747
9451
9269
1440
8517
5749
5773
8528
4609
8514
3979
8518
4484
3977
8522
3986
5768
3980
5770
3162
9981
2643
2642
9459
2194
9415
1852
9425
3679
9439
5794
994
9737
9250
9246
2973
2970
3159
5737
3983
3978
3985
4814
4788
5804
5803
3982
5801
5809
5802
4559
3987
4640
5810
4746
9722
5811
3992
3993
5808
5812
9078
5806
5805
9002
10117
8520
9264
9307
9004
8878
8534
8533
8532
9436
9447
10048
9892
9878
9830
9506
9467
9463
9461
8530
8529
8524
4684
4769
3975
3988
3990
4790
4594
3976
3974
4789
8523
8521
8519
8516
8515
8513
9244
9057
3981
3340
2195
3691
2189
2053
2022
1855
1854
1853
1851
1850
1849
1848
1847
1846
2197
3750
2645
3165
3163
3160
2991
3731
2972
3768
2965
2963
2827
3756
2648
2647
2646
1845
1844
440
439
438
437
436
435
434
433
178
177
89
47
46
45
441
861
862
1843
1842
1705
1608
1562
1210
1209
1117
1114
1113
1112
1111
996
864
44
5799
5776
5775
5772
5771
5767
5766
5765
5764
5763
5762
5761
5760
5759
5758
5777
5778
5779
5798
5797
5796
5793
5792
5791
5790
5789
5786
5785
5784
5783
5781
5780
5757
5756
4485
4483
4486
5236
4768
5066
5016
5015
4886
4829
4745
3562
3343
3790
4413
5736
5739
5755
5754
5753
5752
5751
5750
5748
5746
5745
5744
5743
5742
5741
5740
3341
1668
3546
5003
4656
4345
9900
9955
9509
9064
9552
9012
9515
9018
9902
6022
9480
9956
10124
6019
9869
9316
8537
10015
9478
9132
9321
5982
9491
9147
6023
9013
5911
6028
8546
8574
9938
9285
3782
9021
8543
6026
10011
9235
10126
5903
3812
4844
2838
4992
9446
5828
8580
9443
5950
9762
5934
9494
10016
5252
5986
10130
9627
9033
10131
5880
5923
6025
4018
5842
8575
10084
10127
5975
9141
9127
9901
9504
5933
9477
10028
5139
9126
5882
8511
4002
8541
4770
9096
4641
3794
9061
5076
2669
3920
5087
6000
8552
4009
8576
9422
4026
8545
3743
6021
9137
4396
4360
5827
9237
9232
5893
9470
5951
10013
4550
4549
9523
9540
5865
9486
4828
5942
748
4892
5851
5867
6027
5871
3459
5917
4008
2491
4022
4024
2841
4004
4030
2978
5881
3345
4561
4383
9858
5874
5905
8555
5044
5835
5075
5957
9464
9456
8569
9462
8564
9424
5132
8579
8563
5074
5974
4016
8560
5825
5909
5954
4730
3346
2662
4013
5877
5988
6031
5992
5931
5922
5890
5814
5821
1879
5989
5198
9416
3173
5971
5987
5845
5869
5864
6017
5840
4887
5855
5071
5852
5850
6013
6011
4900
5847
6007
5086
4672
5995
5997
4359
3465
5134
4357
3791
6024
6005
5866
6020
5929
4371
6003
2656
4562
4000
10132
4671
8506
9898
9414
2203
8554
8572
4327
460
9427
9472
8559
8565
9518
9501
9759
461
9214
9886
2205
9019
8548
749
9986
9139
1213
10053
2655
9950
1011
9947
9483
9983
8551
8550
9476
5970
9465
9449
5952
5953
9474
9453
9466
9537
4343
9434
5955
5966
5967
5976
5968
4338
5969
9143
5972
5973
9283
9293
5964
5956
9419
5958
5959
5965
5960
5961
5962
5963
9091
5980
9942
5924
5925
5926
5927
5928
5930
9893
5944
9881
5921
5919
5910
10039
10036
10002
5912
5913
5914
5915
5916
5918
9880
5932
9863
9490
5920
4347
5943
5945
5946
5947
4346
5948
5949
5941
9512
5935
5936
9740
5937
9697
5938
5939
9530
9527
5940
9479
5977
8379
6032
9051
4611
8247
3995
3994
3997
3996
4685
4816
3999
9040
4712
4772
4773
3919
4551
4796
4696
4624
4642
8992
6029
6030
4610
7037
3998
4027
4006
4023
4020
4007
4021
4017
4010
4019
4012
4011
4005
4025
4001
9037
4031
4032
4033
4034
4003
4029
4028
3878
7988
4015
9028
5990
5991
8578
5993
8577
5994
8573
5996
8571
5998
9507
10115
8591
9041
8980
6039
9600
3470
8586
9852
3469
9764
6064
4795
6048
5077
3186
9198
6054
9753
8588
9511
6036
1896
4490
6044
2993
6060
6046
6071
6055
4888
4036
6052
8970
9197
8590
9148
10110
10113
6072
9510
9499
6068
6069
6070
6073
9502
9505
6067
6059
10120
10118
6061
6062
6063
10043
6065
6066
9884
9043
6647
4042
4797
8592
4039
4038
8589
4322
4041
4040
8558
4697
8593
4792
4035
9496
9492
9489
9488
4043
4794
3921
9151
8587
6058
59
2028
2212
2213
3732
2214
2671
2672
2674
2848
2985
2986
2987
2988
2989
2027
1898
60
193
194
483
485
486
488
1015
1016
1221
3707
1570
1722
1897
2990
2992
58
6037
6038
6040
6041
6042
6043
6045
6047
4415
6049
6050
6051
6053
6056
4362
4581
2994
2995
9411
3184
3185
3467
3468
4793
5141
5208
4489
4390
4389
4378
6057
9201
9802
6239
8599
9481
6376
9732
6381
8611
9777
9215
3195
6377
6231
6394
5079
6194
2681
6140
6124
6309
8598
6092
3472
6281
6097
6366
6131
6152
6266
9213
5216
6149
9723
6386
5217
9054
6293
6156
6107
6126
9970
6383
6232
6179
9308
6269
6399
9207
6101
6404
6249
6139
8603
6189
6289
8990
4379
6396
6102
6196
6389
6391
6087
6403
6367
6090
6200
6303
9856
6096
6205
4498
6401
6177
6264
4698
9785
6154
9514
9485
4750
757
8601
6175
4713
6121
4643
6353
6137
9903
9971
6163
6374
6150
6174
6375
6081
6172
6334
6162
4348
6382
6341
6373
6318
6099
6122
6118
6116
6314
6112
6106
6128
6181
6095
6342
6202
6176
6142
6138
6165
6134
6133
6109
6243
8610
4054
4058
886
6225
3193
4061
2220
3198
6228
8608
6229
6278
8594
6282
6246
8600
8606
2675
4050
8607
8973
9475
5088
6212
6397
6222
5078
6392
6143
6209
6398
6213
9531
9529
6321
6324
6268
6322
6274
6267
6262
6311
6275
6273
6265
6272
6329
6326
6271
6270
6327
6325
6328
6323
6263
6276
6320
6290
6291
6292
6294
6307
6295
6306
6296
6297
6305
6302
6298
6304
6299
6300
6308
6288
6287
6277
6319
6261
6279
6317
6280
6283
6316
6284
6315
6285
6313
6312
6286
6310
6301
6402
4057
4051
4052
4049
4048
4047
4046
9082
4045
4751
4056
4060
6405
6406
6407
6408
6409
6412
6510
4563
4062
4059
3913
4044
8609
9152
9154
9203
9209
9471
9519
9848
9854
9988
8605
8604
4564
4494
4565
4055
4063
4748
4493
8595
8596
8597
10109
6330
6345
6346
6347
6348
6349
6350
6351
6352
6354
6355
6344
6390
6331
6332
6333
6335
6336
6337
6338
6339
6340
6343
6356
6357
6372
6378
6379
6380
6384
6385
6387
6388
6393
6395
6371
6370
6358
6359
6360
6361
6362
6363
6364
6365
6368
6369
6400
2375
3084
3085
3086
3191
3194
3196
3200
3797
3471
3813
3473
3798
2851
2850
3739
2427
2495
2497
2658
2666
2676
2677
2679
2680
2682
2849
4727
4818
4731
4491
5507
4444
4774
4418
4416
4417
6076
6077
6078
6079
6080
4495
4497
5020
5089
5090
5091
5142
5173
5175
5209
5214
5227
5228
4496
6082
2374
62
499
500
501
502
503
504
758
759
760
761
882
883
498
497
63
64
196
4644
9228
489
491
492
493
494
495
496
884
9860
9097
9056
9746
9908
9223
3360
6480
9172
9069
9087
9979
10095
6435
6439
9009
5045
9788
10067
6493
4846
9053
9102
9129
6476
9907
4775
8621
6482
4053
4863
5093
10055
6492
1223
2859
6497
9192
9150
2691
4072
4432
4699
9146
6494
4067
4625
4552
3585
9536
890
1021
6432
9092
1325
8623
8627
5143
6472
1574
6473
2868
6426
6504
6506
6444
6438
6436
6509
4890
6424
4866
5021
4847
6489
6470
5218
6419
6495
6457
6454
4076
4074
8617
8615
9138
8620
1131
8625
8614
2689
10004
10047
1324
9016
6465
6464
6463
6462
6461
6466
6467
6475
8624
6474
8626
6471
8628
6469
6468
9017
6460
6459
6449
6448
9831
6447
6446
9873
9877
6445
9985
6450
6451
6458
9219
9217
6456
6455
9406
6453
9542
6452
6443
4075
6503
6502
6501
6500
6499
6498
6496
4073
4798
8984
6505
4065
4081
4079
4068
4078
4077
4069
4070
6508
4066
4582
4767
8616
6481
8618
6479
8619
6478
6477
1330
8622
6483
8613
8612
6491
6490
4071
4064
6488
6487
6486
6485
6484
6507
6442
2864
2379
2378
2377
2376
2232
2231
2229
2109
2031
1904
1903
9156
1728
1573
1572
1472
2408
2498
2863
2862
2858
2857
2856
2855
2854
2853
3758
2690
2688
2687
2686
2684
2683
2499
1471
1470
769
768
767
766
765
764
523
520
514
511
510
509
507
505
203
3673
887
888
1331
1328
1327
1326
1323
1224
1136
1135
1134
1132
1130
1129
3698
1023
1020
891
69
2865
6441
4776
5247
5245
5244
5240
5229
5210
5178
5177
5176
5096
5095
5094
5092
4999
4990
4500
4499
6440
6437
6434
6433
6431
6430
6429
6428
6427
6425
6423
6422
6421
6420
9088
3854
4983
4889
3363
3362
3361
3206
3087
3003
3002
3001
3000
2999
2998
2871
2870
2869
3759
2867
3364
3365
4868
4865
4864
4858
3729
3590
3589
3588
3587
3586
3584
3583
3438
8978
3367
3366
2866
10012
9741
10001
9750
9954
9586
6514
9758
5124
9204
9736
9580
9589
8636
9497
9210
9199
9113
6569
4595
9727
8634
9533
9131
9122
9119
6541
3368
9760
6570
8639
900
9957
8633
3474
6558
8630
6563
9609
6527
6560
6567
9960
1618
9177
4660
1483
9142
4093
6542
4819
4084
3008
6550
4087
6554
4096
3591
6562
903
6520
6516
8645
9565
6519
8879
6526
8637
9811
4083
9513
6555
6556
6557
6532
6543
6540
6559
6534
6533
6561
6529
6531
6539
6544
6545
6546
6547
6548
6537
6538
6536
6535
6551
6552
6553
6530
6549
9958
8643
8642
8641
8640
8635
8632
8631
8629
8644
1477
9895
9751
9696
9694
9598
9557
9328
9196
9066
4566
4651
4094
4095
4097
8638
6707
6568
6566
6565
4090
4091
4092
4086
3922
9688
4082
4085
4088
4089
6564
2153
1615
1496
1495
3708
1494
1492
1489
1488
1487
1486
3709
1485
1484
1617
1620
2091
2032
1910
1909
1908
1906
1732
1729
1626
1625
1624
1623
1621
1482
1481
1475
773
3685
772
771
770
8974
533
532
531
530
529
528
526
774
775
1474
1473
1138
1031
1028
1025
1024
901
899
898
897
896
777
72
2347
6528
4501
4504
4503
4646
5237
5230
5204
5193
5192
5183
5123
5122
5099
5508
9304
6525
6524
6523
6522
6521
6518
6517
6515
6513
6512
6511
6411
6410
5098
5097
4969
3216
3215
3214
3213
3093
3775
3092
3090
3009
3007
3004
2692
3744
3369
3370
4965
4956
4955
4954
4953
4871
4867
4849
4848
4645
3776
9329
3372
2502
9894
9767
6645
9658
9982
9623
10052
6590
9987
6583
10060
6639
9185
9116
4714
4104
6587
4568
6622
2244
9365
10092
6572
2383
8649
3374
3376
4652
4109
10089
10057
10032
6618
6615
6604
9571
10074
4107
6578
4102
2696
6596
8653
6601
8602
538
5254
6576
6588
6580
6642
4111
6595
6574
6606
9115
8660
8650
6637
6619
9896
6633
4110
6627
6626
6643
6631
6625
6628
6636
6629
6638
6640
6641
6635
6634
6632
6644
6630
6624
4112
8654
8655
8656
8657
8658
8659
3915
9182
9067
9178
9311
9594
9616
9625
9784
8652
8651
8648
4108
4105
4419
4106
4103
4098
4099
9339
4612
9667
4101
4567
9048
8646
8647
9843
6623
5101
2243
2240
2077
4715
1631
1630
1629
1628
2380
2381
2382
5100
4850
3475
3218
3217
2697
2694
2429
1497
1227
1226
778
542
539
537
536
535
534
309
779
780
904
1225
1144
1143
1142
1141
1032
906
905
73
5145
6621
6605
6603
6602
6600
6599
6598
6597
6594
6607
6608
6609
6620
6617
6616
6614
6613
6612
6611
6610
6593
6592
6591
4596
4700
5641
4506
4505
9029
5211
5203
4597
6571
6573
6589
6586
6584
6582
6581
6579
6577
6575
5160
9561
9941
10017
8669
8677
8664
9917
2385
9824
6678
3480
8670
6675
8981
8672
10107
6685
8675
6673
9508
4115
6659
9910
6703
2035
6682
2699
5022
6664
6653
4122
8673
4777
6695
4119
5195
9161
4130
6649
3010
4391
4118
6692
4647
3386
3902
6679
8667
9520
1500
907
8663
6697
6676
6680
6687
6677
6698
6674
6699
6672
6681
6696
6689
6690
6691
6688
6693
6686
6694
6684
6683
4202
6700
6701
8668
8671
8674
3703
8676
9164
9187
9541
9548
9553
9562
9685
9810
9870
9913
9978
10073
8666
8665
6702
9055
6704
4129
4124
4126
4127
4128
4120
4121
4123
4117
4116
4113
4114
7038
9003
10104
2705
1636
1635
1634
1633
1632
1499
1230
1229
1228
1911
1912
1913
2703
2702
2701
2700
2698
2430
2384
2036
1914
1145
1034
543
207
83
82
81
80
79
78
77
544
545
546
1033
910
908
553
552
551
550
549
548
74
2706
6671
6654
6652
6651
6650
6648
6033
4363
4422
4421
6655
6656
6657
6670
6669
6668
6665
6663
6662
6661
6660
6658
4420
9309
3477
3226
3224
3223
4508
3013
3012
3011
2877
3478
3479
3481
5515
4778
4507
5196
5194
5161
5080
4851
4716
2875
10133
9691
10103
9107
3799
9049
6795
4822
8680
9768
6415
9820
9865
9582
9005
6767
9159
6730
6778
6798
10075
8685
8682
1925
6763
6802
5102
6784
6806
5000
9211
6721
6728
6711
6715
9218
9654
4140
6762
9243
6781
9672
1919
6735
9641
8679
9631
4142
6791
6739
6770
6726
6772
6709
2248
4614
4135
9660
6811
8688
4901
2432
6756
2256
1924
8691
8695
2258
6785
4717
8692
6758
8698
8699
6803
6780
6779
6771
6804
6805
6800
6782
6807
6808
6774
6773
6797
6787
6792
6793
6794
6790
6789
6775
6783
6796
6776
6788
6801
6786
6777
9989
9549
9516
9484
9291
9290
4134
2120
8697
8696
8694
9568
9591
9961
9747
9686
9683
9669
9664
9648
9636
9614
9596
8693
8690
8689
4137
4136
4141
4139
4138
4673
4143
6813
6812
6810
4133
4132
8687
8686
8684
8683
8681
9071
9045
9644
4718
8998
6809
4374
3230
3228
2707
2505
2434
2433
2388
2387
2386
2254
2249
2247
3231
9340
3389
4392
9050
9032
5223
5222
5221
5219
5162
5146
4909
4688
3482
2121
2118
2055
1147
1040
1039
1038
1035
911
781
557
556
555
87
85
1148
1232
1233
3718
1923
1922
1921
1920
3717
1918
1917
1916
1915
1340
1234
4423
4674
6769
6748
6747
6746
6745
6744
6743
6742
6741
6740
6738
6737
6736
6749
6750
6751
6768
6766
6765
6764
6761
6760
6759
6757
6755
6754
6753
6752
6734
6733
6732
6710
6708
6706
6705
6417
6416
6414
6413
4320
4366
4365
4364
6712
6713
6714
6731
6729
6727
6725
6724
6723
6722
6720
6719
6718
6717
6716
4373
10134
9099
9739
9572
9022
9577
9799
9095
10010
9145
9682
9617
6957
10135
10031
6956
9123
8987
8703
9168
9864
8735
10018
6935
4168
8997
6859
9676
9030
8732
9588
6868
6900
4516
4515
6898
5106
9522
9566
8746
9312
8728
3711
8723
10000
8745
10019
9128
4166
8744
4176
8740
9653
9734
9964
9592
6892
4159
9125
9169
9503
9847
6967
9692
3733
8750
6879
9874
8731
2266
8700
1654
9052
4164
8727
9226
9500
6954
6864
9984
4654
9689
9867
6848
2723
6937
10094
2724
10128
6942
8711
6928
4152
4967
4173
6929
6930
8714
6815
4914
4853
6953
6926
6939
4334
2713
4154
8991
2882
3860
6914
3030
3035
8702
6971
6969
9023
8705
6907
6905
798
6880
9101
9793
4175
9794
1151
9992
6832
6846
9236
9231
6877
9130
6843
9155
6838
922
9578
9997
1350
6861
10085
6824
6891
917
8725
6887
8751
6852
6872
6906
6860
6919
6870
6938
6871
6874
6913
6873
6909
6920
6931
6921
6922
6932
6865
6866
6933
6863
6927
6934
6867
6862
6869
6936
6925
6924
6923
6875
6876
4149
6895
6883
6884
6902
6885
6901
6882
6886
6888
6890
6899
6893
4151
4150
6897
6894
4153
6881
6903
6918
6917
6916
6915
6889
6912
6911
4144
6910
4146
6878
4145
6908
5197
4148
4147
6904
6896
8716
8738
8739
8741
8742
8743
8747
8748
8749
8752
8753
9089
4755
8737
8736
8717
8718
8719
8720
8721
8722
8724
8726
8729
8730
8733
8734
924
9104
9770
9772
9779
9781
9801
9850
10033
10035
10082
10083
10091
10097
9693
9661
9108
9118
9121
9134
9136
9526
9560
9599
9604
9626
9639
9650
10102
6940
6960
6961
6962
6963
6964
6965
6966
6968
6970
4570
4569
4732
6959
6958
6941
6943
6944
6945
6946
6947
6948
6949
6950
6951
6952
6955
4626
4627
4162
4157
4156
8701
8704
8706
8707
8708
8709
8710
8712
8713
8989
4510
4754
4756
4757
3923
9035
3904
3905
9038
3924
4350
4598
4653
8715
6858
921
1501
1504
1506
1576
1637
1638
1642
1643
1645
1649
1650
1651
1656
1657
1658
1659
1343
1342
3693
925
927
928
929
1041
1043
1045
1046
1047
1152
1235
1236
1237
1238
1239
9303
3720
2267
2268
2275
2276
2277
2390
2392
2507
2510
3745
3752
2708
2709
2714
2715
2716
2265
3734
1926
1927
1928
1929
3719
1930
1931
1932
1933
2038
2057
2058
2060
9714
9322
9939
8774
8771
10046
9063
9551
4523
9302
7018
6989
8757
6977
3699
8778
5163
7027
8763
8754
8766
8772
7032
8760
9288
7030
9252
8784
10044
9909
10038
9547
7015
8765
3247
3251
3802
8755
4949
4185
4179
8773
6974
9256
4181
7009
8780
6994
8768
7024
4827
595
5125
4615
7029
7020
7036
7034
6984
4186
808
6979
4719
6999
8782
2279
1048
7001
8764
7002
8759
8758
3682
9618
7021
8781
8762
7017
7019
7006
7023
7008
7022
7007
7013
4187
7016
7014
7010
7012
7005
7011
7025
8769
8770
8775
8776
8777
8779
8783
9535
9539
9545
8767
8761
8756
7026
7028
7031
7033
7035
3916
4376
4720
4571
10050
10041
3248
1938
1937
1936
1935
1934
1509
1508
1241
2040
2042
2062
3037
2885
3761
2729
2512
2440
2394
2393
1240
1155
1154
598
597
593
592
474
95
94
93
599
600
807
1153
1051
1049
933
932
931
923
809
90
3249
7004
6987
6986
6985
6983
6982
6981
6980
6978
6988
6990
6991
7003
7000
6998
6997
6996
6995
6993
6992
6975
6973
6972
5113
4915
4826
4758
4675
3633
3803
3406
5148
5164
5241
4178
4180
4182
4183
4184
4522
4521
5258
3250
9090
9268
10003
9633
9270
9919
9921
7065
9855
7092
7076
7147
7066
7081
4584
8785
9827
10008
7069
8791
4733
7129
7133
7152
9608
9968
7050
9584
7124
7148
7053
7165
8788
7164
8796
9621
4927
7132
7080
7048
9563
10054
7085
7091
9912
7128
3925
4447
7063
4196
7130
4734
7052
7131
7109
8793
8803
8800
8799
9587
7078
7086
9914
9853
7127
7111
7084
7141
4919
9575
7104
9564
7046
4190
7120
7077
7087
7126
7114
7143
5081
7062
7119
4928
9555
9524
1515
2516
7070
2291
7100
7099
7064
7056
7098
8789
1940
1939
7094
7161
7154
7158
7156
7071
7155
7101
7097
7103
7096
7108
7115
7116
7117
7095
3825
7150
7090
7110
7107
7093
7112
7106
7105
7088
7102
7089
7113
7118
9920
9241
8802
8801
8798
8797
8795
8794
8792
8790
8787
8786
9263
9281
9544
9844
9790
9615
9611
9597
9590
9579
9570
9567
9559
9556
4193
9025
4628
7140
7139
7138
7137
7136
7135
7134
7166
7125
7123
7122
7142
7144
7145
7168
7167
7163
7162
7160
7159
7157
7153
7151
7149
7146
7121
2730
1512
1511
1360
1242
1158
1157
1056
1055
1054
1053
1052
934
810
636
635
3683
1513
1514
1516
2523
2517
2515
2397
2396
2395
2289
2288
2287
1943
1942
3721
1941
1734
1518
1517
634
633
612
611
610
609
608
607
606
605
604
603
602
4779
225
224
223
9086
614
615
616
632
631
630
629
628
627
626
625
624
623
622
621
620
619
618
617
96
7083
7044
7043
7042
7041
7040
7039
4191
4189
4192
4195
4194
4197
4200
4199
4198
6035
7045
7047
7049
7082
7079
7075
7074
7073
7072
7068
7067
7061
7060
7059
7058
7057
7055
7054
7051
4583
4599
4920
4918
4917
4916
3779
3815
3253
3252
2895
2894
2893
2892
2891
2890
2888
2732
4921
4922
4923
4701
4446
4648
4524
4525
4526
4527
4721
5200
5114
5023
4995
4929
4926
4925
4924
2731
10009
9967
9814
7384
7877
9085
10072
3688
9059
7926
8862
8876
4907
8829
8846
9254
9834
9940
9297
7286
8847
9944
7449
9993
7626
7977
9943
9945
7178
8831
9258
9949
7191
7420
7451
7473
7488
7673
7930
8837
9103
9728
9731
3722
7212
7341
7593
7869
8855
8859
9279
9916
4902
4934
5028
9399
4207
7305
7387
7453
7510
7863
7981
8816
8871
9655
9657
9726
10069
2567
9840
3810
4938
5249
4532
4450
4239
7211
7467
7549
7601
7735
7917
7956
9093
9624
9778
10040
9351
9084
7206
7208
7216
7282
7288
7433
7442
7461
7463
7580
7624
7693
7696
7697
7709
7746
7768
7790
7808
7864
7876
7880
7951
7963
8982
8825
8845
8849
8852
8853
8857
8872
9220
9275
9826
9969
10066
671
1251
2564
3748
4933
4984
5030
5031
5116
4452
4426
4240
4235
4234
4232
4208
4616
7172
7187
7192
7227
7231
7250
7337
7347
7385
7403
7406
7428
7440
7452
7458
7481
7521
7528
7533
7566
7574
7577
7603
7608
7631
7644
7655
7678
7720
7750
7767
7770
7792
7824
7833
7893
7902
7907
7929
7933
7940
7941
7967
7972
7982
4573
8808
8813
8815
8840
8850
8851
8867
8875
9008
9245
9189
9554
9603
9620
9629
9630
9647
9649
9666
9679
9703
9866
9930
9974
253
642
935
1167
1247
1387
1948
1949
1954
1963
1965
2044
2064
2098
2899
3039
3487
3747
4692
4869
4870
4874
4937
4952
5027
5048
5051
5083
5117
5166
4536
4454
4429
4428
4237
4210
4205
3880
7169
7175
7179
7182
7186
7190
7199
7204
7215
7233
7238
7239
7248
7256
7261
7278
7294
7299
7315
7319
7333
7334
7335
7342
7343
7357
7358
7360
7365
7375
7378
7379
7382
7409
7412
7416
7421
7423
7426
7443
7444
7445
7450
7457
7464
7468
7476
7478
7480
7485
7490
7500
7542
7547
7559
7562
7564
7567
7568
7569
7571
7575
7582
7602
7616
7617
7619
7625
7637
7641
7649
7662
7663
7676
7677
7694
7704
7705
7706
7707
7716
7717
7719
7724
7732
7736
7739
7740
7749
7772
7774
7776
7779
7781
7788
7793
7794
7800
7812
7814
7825
7829
7831
7836
7843
7848
7856
7862
7866
7873
7878
7894
7900
7906
7909
7916
7924
7928
7932
7935
7948
7952
7958
7964
7974
7975
7976
7985
9015
4603
3926
8806
8820
8828
8833
8835
8841
8854
8858
8861
8873
9266
9521
9534
9550
9581
9677
9699
9851
10078
8985
10076
9965
8232
9318
9194
8910
9963
8114
9206
8907
9763
8905
9298
9841
8927
8169
9585
7997
8157
8112
9251
8113
9857
10045
9966
9959
9619
8064
8241
8189
9140
4282
9952
3427
8885
2749
9680
8034
8147
9234
8891
9249
8131
8127
8001
3766
8906
8921
8137
8146
8185
9773
2937
4279
8141
9761
8066
8914
8913
2056
4903
8154
8143
1983
4838
8105
10077
4265
1080
5150
5188
4988
7995
8086
8125
2762
2761
4247
3278
4634
8889
2407
9839
4455
8242
8880
8883
8884
7989
8219
8887
8898
9301
9707
8165
4431
8134
8924
4762
8139
8067
942
823
9248
4702
8024
8073
3287
8142
4894
8182
8909
3493
5151
2924
4341
8213
8132
8215
4272
4273
4836
8148
8138
8227
8229
2755
3764
4290
8110
8176
3067
8179
8144
10079
5152
8181
8153
8162
8152
8118
8172
4971
3492
8206
4285
4962
4961
8174
8184
8068
8901
7990
8192
9294
8678
9438
8082
8083
4589
8052
7992
8022
7994
8912
1591
8070
8006
8925
8071
8060
8075
7998
8010
9612
4254
9724
8036
9846
694
8094
4266
9663
8033
4942
8045
697
2910
8050
8231
9646
9638
8044
8061
8042
8059
8120
8130
8063
8062
8043
8046
8058
8140
8054
8049
8104
8055
8051
8048
8056
8136
8135
8057
8133
8047
8053
8065
8098
8090
8106
8089
8107
8088
8108
8087
8097
8091
8092
8093
8096
8095
8099
8100
8101
8102
8103
8076
8109
8085
8111
8124
8077
8126
8074
8119
8072
8128
8129
8123
8122
8121
8084
8081
8080
8115
8116
8117
8079
8078
8069
8244
8886
8888
8890
8892
8893
8894
8895
8896
8897
8899
8900
8902
8903
8904
8908
8882
8881
8245
8246
8976
4633
4555
4802
4723
4763
4250
4253
4398
4277
4632
4618
9072
8911
8915
9593
9602
9605
9628
9634
9656
9749
9766
9786
9805
9815
9822
9837
9845
9991
9324
9259
8916
8917
8918
8919
8920
8922
8923
8926
9026
9031
9135
9315
9224
9247
9255
8191
8243
8145
8173
8175
8177
8178
8180
8183
8186
8187
8188
8190
9257
8193
8194
8195
8196
8171
8170
8149
8150
8151
8233
8155
8156
8158
8159
8160
8161
8163
8164
8166
8167
8168
8197
8198
8220
8221
8222
8223
8224
8225
8226
8228
8230
8234
8235
8236
8237
8238
8239
8218
8217
8199
8200
8201
8202
8203
8204
8205
8207
8208
8209
8210
8211
8212
8214
8216
9756
9990
9300
9670
8993
9769
9953
9800
8315
8260
4821
714
8330
8945
8274
9261
9042
9999
9690
8332
9366
9640
8281
9314
9675
5396
9705
8941
9998
8319
8256
8337
8958
4840
8943
8286
9787
1987
9326
10080
2454
8364
4308
8301
8327
8953
9936
8316
8317
8254
1998
9369
9267
9668
3431
8357
4852
4292
8363
8257
2001
10136
2943
8367
4972
8939
4880
2239
4298
965
9673
4302
8252
9823
9323
8306
8259
8361
8283
8343
4619
8345
8279
8271
8250
8929
8272
2608
4635
4293
8267
8314
5220
5394
8308
4319
8328
8296
8292
8291
4678
8289
8333
3503
8288
8300
3299
1996
713
9665
9662
4305
1989
9652
9643
8937
8936
1027
1995
9273
964
8934
4577
1183
282
1531
2451
2452
9262
8950
8951
8293
8294
8952
8307
8295
9034
9014
8956
8298
8302
8303
8957
8304
8955
8297
8305
8954
8299
9265
8290
9684
8276
9796
9821
8275
9836
9962
8309
8273
9995
10081
8270
8277
9681
9276
8287
9706
9635
9642
8285
8284
9651
9659
8282
8280
8278
8269
8310
8365
8349
8348
8347
8346
4650
8344
9046
8342
8341
8928
8340
8339
8338
8350
4575
8362
8366
8360
8359
8358
8368
4606
8356
8355
8354
4304
8352
8351
8930
8931
8336
8323
8322
8321
8320
8942
8318
8944
8946
8947
8948
8313
8949
8312
8324
8325
8932
8335
8334
8933
8331
8353
8935
8329
3903
3894
8938
8326
8940
8311
8268
1419
1985
1986
1988
1990
1991
1992
1993
1994
1997
1752
1751
1750
1420
1529
1530
1744
1745
1746
1747
1748
1749
1999
2000
2414
2416
2453
128
2456
2610
2611
2616
3749
2413
2412
2411
2002
2003
2336
2340
2341
2342
2343
2344
2410
2771
129
292
293
294
705
706
707
708
709
710
291
290
289
130
131
280
281
283
284
285
286
287
711
712
962
963
966
967
1178
1179
1180
1181
1182
960
958
957
715
716
718
826
827
952
954
955
956
1261
2772
5171
4313
4314
4315
4307
4309
4310
4311
4306
4303
4312
4317
4316
5253
4540
4541
9027
5395
4458
4456
4457
4318
4301
4300
8251
8253
8255
8258
8261
8262
8263
8264
8265
8249
8248
7987
4299
4296
4297
4295
4294
6418
4662
4636
8983
8266
2773
3300
3301
3302
3303
3428
3429
3809
3432
3818
3298
3297
3293
2774
2775
2776
2778
2872
2942
2944
